       0
     115
     163
     199
     231
     258
     284
     307
     329
     349
     369
     387
     405
     423
     439
     456
     472
     487
     502
     517
     531
     545
     559
     573
     587
     600
     613
     626
     639
     652
     664
     677
     689
     701
     713
     725
     737
     749
     761
     773
     785
     796
     808
     820
     831
     843
     854
     866
     877
     889
     900
     911
     923
     934
     946
     957
     969
     980
     992
    1004
    1015
    1027
    1039
    1051
    1063
    1075
    1087
    1099
    1111
    1123
    1136
    1148
    1161
    1174
    1187
    1200
    1213
    1227
    1241
    1255
    1269
    1283
    1298
    1313
    1328
    1344
    1361
    1377
    1395
    1413
    1431
    1451
    1471
    1493
    1516
    1542
    1569
    1601
    1637
    1685
    1800
