   65536
   65421
   65373
   65337
   65305
   65278
   65252
   65229
   65207
   65187
   65167
   65149
   65131
   65113
   65097
   65080
   65064
   65049
   65034
   65019
   65005
   64991
   64977
   64963
   64949
   64936
   64923
   64910
   64897
   64884
   64872
   64859
   64847
   64835
   64823
   64811
   64799
   64787
   64775
   64763
   64751
   64740
   64728
   64716
   64705
   64693
   64682
   64670
   64659
   64647
   64636
   64625
   64613
   64602
   64590
   64579
   64567
   64556
   64544
   64532
   64521
   64509
   64497
   64485
   64473
   64461
   64449
   64437
   64425
   64413
   64400
   64388
   64375
   64362
   64349
   64336
   64323
   64309
   64295
   64281
   64267
   64253
   64238
   64223
   64208
   64192
   64175
   64159
   64141
   64123
   64105
   64085
   64065
   64043
   64020
   63994
   63967
   63935
   63899
   63851
   63736
